(4,1,3,3.2537494012566563)
(1,6,3,3.245347271139162)
(15,2,3,3.28455721168747)
(10,1,3,3.2649302175524455)
(15,1,3,3.262467238352829)
(15,3,3,3.2412208462064847)
(15,1,3,3.238976662599604)
(15,3,3,3.2183384841875093)
(10,1,3,3.2374732552817047)
(10,3,3,3.2315127666277457)
(18,3,3,3.1910445078008083)
(17,5,3,3.2716802258901803)
(17,5,3,3.295953432958206)
(1,1,3,3.2453389922615425)
(1,3,3,3.2273114421466977)
(1,4,3,3.2255009230203195)
(17,4,3,3.3306086133479624)
(1,3,3,3.227416272049372)
(17,3,3,3.3410891639239897)
(1,1,3,3.2277397716489764)
(1,4,3,3.210580502541586)
(1,3,3,3.2166145652542437)
(1,2,3,3.2149713946951257)
(10,3,3,3.229938875934525)
(10,4,3,3.229335433867341)
(10,3,3,3.2313526401786317)
(10,3,3,3.230748658018646)
(10,4,3,3.2301478212264962)
(15,4,3,3.207185289635114)
(15,2,3,3.2141569555296603)
(10,3,3,3.230490170598928)
(15,3,3,3.2026539069517796)
(10,1,3,3.229099230892372)
(18,4,3,3.1733138907802534)
(10,3,3,3.2273460518598593)
(10,2,3,3.226776123408168)
(10,2,3,3.223708437607329)
(10,3,3,3.2206560556948407)
(10,2,3,3.2201070272757986)
(18,4,3,3.1665676866814616)
(10,5,3,3.220903545415441)
(10,2,3,3.225270463555816)
(10,4,3,3.2222703145782723)
(10,7,3,3.2241699813916878)
(10,3,3,3.2333702750426196)
(10,2,3,3.232803020652916)
(18,4,3,3.195534440003224)
(15,6,3,3.2170137980276783)
(10,4,3,3.2435787642460108)
(18,3,3,3.2401132869635827)
(10,3,3,3.2443399131659945)
(10,4,3,3.243763093047393)
(18,2,3,3.238928542502268)
(10,2,3,3.2402610244554384)
(18,2,3,3.2164195777537175)
(10,2,3,3.2322654739303944)
(10,2,3,3.2294212953455843)
(15,4,3,3.203383888162614)
(11,1,3,3.2733543715308104)
(11,3,3,3.2652637335980703)
(11,4,3,3.2643230346917513)
(11,1,3,3.266922730384865)
(11,5,3,3.2589402089669326)
(11,6,3,3.26504949508371)
(11,3,3,3.274612733907175)
(11,5,3,3.273655847768671)
(11,2,3,3.279650393862991)
(11,2,3,3.2752223202547293)
(11,2,3,3.2708247865805555)
(11,4,3,3.2664574779804236)
(11,2,3,3.268969732076952)
(11,2,3,3.2646385674527614)
(11,3,3,3.2603368679566485)
(11,3,3,3.2594543276173766)
(11,5,3,3.2585777506745885)
(11,2,3,3.2644414056025193)
(11,3,3,3.260198111439273)
(11,6,3,3.2593278423111265)
(11,7,3,3.2684638486096427)
(11,4,3,3.280861563558896)
(11,3,3,3.2832429286316622)
(11,4,3,3.2823080896765338)
(11,3,3,3.284669028610104)
(11,2,3,3.283735644076565)
(11,6,3,3.2795402348636493)
(6,5,3,3.259350821334986)
(6,2,3,3.263497954787192)
(6,3,3,3.260494799290644)
(6,5,3,3.259877108250376)
(6,4,3,3.2639935651760363)
(6,6,3,3.26573056233085)
(14,3,3,3.2845329220690473)
(6,5,3,3.27202431623008)
(6,2,3,3.276082788148542)
(14,4,3,3.282599319105223)
(6,4,3,3.273451362134714)
(6,4,3,3.2751496361787025)
(6,2,3,3.2768399894620783)
(14,3,3,3.2881013570079634)
(6,5,3,3.273727360658888)
(14,2,3,3.2867927418076506)
(6,1,3,3.27710603220906)
(6,2,3,3.2718338017712254)
(6,2,3,3.2688959009897007)
(6,3,3,3.2659715418658464)
(6,3,3,3.2653599803665267)
(6,3,3,3.264751224802487)
(14,3,3,3.2745042017687798)
(14,5,3,3.2724795285850474)
(6,2,3,3.2648333211080454)
(6,4,3,3.2619455261741948)
(6,6,3,3.2636267713182954)
(14,4,3,3.28616671318224)
(6,3,3,3.2701796542595183)
(6,5,3,3.269567051171299)
(14,2,3,3.2920341194973335)
(14,4,3,3.2827121008951545)
(6,1,3,3.2732137948956286)
(6,2,3,3.2680837633055373)
(6,1,3,3.2652284832161076)
(6,3,3,3.260139441519144)
(6,2,3,3.2595563246421486)
(6,3,3,3.256739274384037)
(6,1,3,3.256166347662394)
(6,2,3,3.2511428082286127)
(6,1,3,3.248363225111646)
(6,2,3,3.243379254409423)
(6,7,3,3.2406291385873947)
(6,3,3,3.2489257934402698)
(6,3,3,3.248377642260996)
(6,1,3,3.247831899908149)
(6,3,3,3.242903728648698)
(6,4,3,3.242372348858342)
(14,1,3,3.2819301780707097)
(6,7,3,3.243023006361179)
(6,1,3,3.2512052942160214)
(6,3,3,3.2463130683205175)
(6,1,3,3.245778951705213)
(6,5,3,3.2409196382286645)
(14,2,3,3.2660488792003344)
(6,3,3,3.244170984455959)
(6,2,3,3.2436449806118053)
(6,3,3,3.2409716251074805)
(6,5,3,3.240454740454741)
(6,2,3,3.244220890410959)
(6,7,3,3.2415634344297306)
(6,3,3,3.2495737425404947)
(14,2,3,3.258087459190869)
(14,6,3,3.2492716641944046)
(6,2,3,3.2496653230854426)
(6,3,3,3.247013675996156)
(6,1,3,3.246490650986858)
(6,1,3,3.2417439981113576)
(14,4,3,3.265917906721986)
(14,3,3,3.2709902404874898)
(6,1,3,3.2372093958472035)
(6,4,3,3.2325030052685833)
(6,2,3,3.234114190062854)
(14,2,3,3.2680253303045426)
(6,4,3,3.2310155414183517)
(14,1,3,3.2596942924737538)
(14,3,3,3.2443988995801307)
(12,4,3,3.2761550815699754)
(9,2,3,3.2697842392450562)
(12,4,3,3.2759525982190056)
(9,2,3,3.2689578641091477)
(12,3,3,3.2757564977655247)
(9,3,3,3.265368244172259)
(9,7,3,3.264780550067808)
(12,5,3,3.2840561428248787)
(12,2,3,3.2918433731107903)
(9,2,3,3.274213913037782)
(12,5,3,3.2825349922451275)
(9,4,3,3.27608266462353)
(9,2,3,3.2776591669516213)
(12,2,3,3.2887549513489645)
(9,3,3,3.2714173804964894)
(12,6,3,3.282284810832611)
(9,5,3,3.278090604553614)
(9,2,3,3.281791445559747)
(9,4,3,3.2790424433558716)
(9,4,3,3.2805853405963328)
(12,1,3,3.299319436195026)
(9,7,3,3.2760586696912615)
(9,5,3,3.2839682913263974)
(12,5,3,3.303550782482099)
(9,5,3,3.292040369288908)
(12,6,3,3.3153826700212483)
(9,3,3,3.3026142716852003)
(9,6,3,3.30197969274895)
(9,5,3,3.3076255735265643)
(9,3,3,3.3111596430375343)
(12,4,3,3.3367480302251384)
(12,2,3,3.3395849759616616)
(9,2,3,3.308791193364906)
(9,3,3,3.306086649543513)
(9,5,3,3.3054554429498793)
(12,2,3,3.334066409050162)
(9,2,3,3.305570991521108)
(12,1,3,3.3251413490357007)
(9,6,3,3.297058149484933)
(9,3,3,3.302563587429208)
(9,2,3,3.301948568978642)
(9,1,3,3.299307477634856)
(9,2,3,3.2946526185166385)
(12,2,3,3.309202019228189)
(9,4,3,3.288795420060397)
(9,4,3,3.2902250596135345)
(12,1,3,3.307277582860224)
(9,5,3,3.285982620015698)
(12,4,3,3.301972741642296)
(9,4,3,3.2911077685235917)
(12,3,3,3.3065595051326326)
(12,2,3,3.3053104468984404)
(12,4,3,3.3000136197275474)
(12,3,3,3.302842618888196)
(9,3,3,3.28957663618115)
(9,4,3,3.2890093701573138)
(12,7,3,3.302628364075048)
(9,5,3,3.2991915149469926)
(9,3,3,3.302500691994659)
(9,2,3,3.3019132746061097)
(12,3,3,3.3176516646627188)
(9,4,3,3.2986420441067383)
(13,5,3,3.2806472599817673)
(4,3,3,3.243739909210445)
(8,2,3,3.264271679529544)
(4,2,3,3.2405132490695268)
(8,2,3,3.259507321272859)
(4,5,3,3.2334866932576323)
(4,4,3,3.240235970568506)
(13,1,3,3.2845029352584842)
(8,4,3,3.2564296466924585)
(8,1,3,3.257900452292138)
(8,6,3,3.2534430708588453)
(4,1,3,3.246999485131551)
(8,1,3,3.254879891812385)
(4,1,3,3.2345213116622915)
(4,3,3,3.2261097447759775)
(8,6,3,3.2461269973422135)
(8,2,3,3.251505933449699)
(8,4,3,3.249066224933203)
(8,3,3,3.2505272607748226)
(4,2,3,3.228765711647059)
(4,2,3,3.224189606044315)
(8,5,3,3.2458000573973758)
(8,3,3,3.249189359613767)
(13,3,3,3.2817944679594446)
(4,2,3,3.2224540308413037)
(8,1,3,3.2459996561632223)
(4,2,3,3.2141001499008253)
(13,3,3,3.277105103355092)
(8,4,3,3.2390250380179593)
(8,3,3,3.2404752425390893)
(4,4,3,3.2107355956200756)
(13,2,3,3.27602337276631)
(8,5,3,3.2386190342711596)
(8,5,3,3.2419498237136066)
(4,3,3,3.220528927069519)
(8,3,3,3.2448969547337088)
(4,4,3,3.2193161334047153)
(8,1,3,3.2457427353229913)
(8,4,3,3.2415325911549795)
(4,3,3,3.2196543440859946)
(4,2,3,3.2188636325324085)
(13,2,3,3.2731666204339196)
(13,2,3,3.2659017730174207)
(8,4,3,3.235210410804081)
(8,5,3,3.2366277904829968)
(13,4,3,3.2640234411971303)
(13,1,3,3.2681692066797763)
(8,4,3,3.2367216435568054)
(8,5,3,3.238124386443843)
(4,1,3,3.2258948618387633)
(8,3,3,3.237698152053712)
(4,1,3,3.2175786313389576)
(8,2,3,3.233638538852531)
(8,2,3,3.2313904212123576)
(8,5,3,3.229150482368998)
(8,2,3,3.2323658658004724)
(4,5,3,3.2065764747612344)
(13,3,3,3.258205560202231)
(8,4,3,3.232505864915536)
(8,3,3,3.233889179201971)
(4,3,3,3.2139531461109017)
(4,3,3,3.2132033597346075)
(13,1,3,3.258188364408289)
(8,4,3,3.2282141282673202)
(4,1,3,3.215404484565168)
(8,5,3,3.226060161710762)
(4,3,3,3.2105255225631075)
(4,3,3,3.2097966069990456)
(8,5,3,3.2285537917831357)
(4,6,3,3.211868172665421)
(8,1,3,3.236078838155552)
(4,3,3,3.2179380672051465)
(4,1,3,3.2171923146841057)
(8,2,3,3.2283294829789284)
(4,4,3,3.2077194915889984)
(4,5,3,3.2104102235813197)
(13,3,3,3.2472849070235608)
(4,3,3,3.216652536728282)
(4,1,3,3.215921829706083)
(4,1,3,3.2084732811718197)
(8,2,3,3.222545599042824)
(13,4,3,3.2469344769234665)
(8,3,3,3.2219190744227606)
(13,4,3,3.2505665874717353)
(8,7,3,3.2230174948009775)
(13,7,3,3.262057110934445)
(4,5,3,3.2007623681798907)
(8,3,3,3.2396226925501077)
(4,4,3,3.2063900464700494)
(4,3,3,3.2090224257253155)
(4,4,3,3.2083313970337866)
(8,4,3,3.241290151706389)
(4,4,3,3.212080354947256)
(13,5,3,3.2801401554438336)
(13,2,3,3.2892640908052817)
(4,6,3,3.214347882412076)
(8,2,3,3.248787472852945)
(13,3,3,3.278026090082539)
(8,3,3,3.2461374201540645)
(4,5,3,3.22142578585848)
(13,2,3,3.274810207572262)
(4,2,3,3.2281293531146034)
(7,2,3,3.262151531374151)
(3,4,3,3.247883824614443)
(7,3,3,3.261372296460261)
(7,5,3,3.260837251376434)
(7,4,3,3.2643901509367934)
(3,3,3,3.256986461957344)
(7,3,3,3.265275824174608)
(2,6,3,3.25265644914395)
(7,3,3,3.271489535650941)
(5,4,3,3.270368703263198)
(7,6,3,3.2725363734270263)
(2,6,3,3.279086165024076)
(2,4,3,3.296251154661258)
(19,5,3,3.251854035995444)
(5,4,3,3.2883905455149756)
(7,3,3,3.2895802098950524)
(5,5,3,3.289806075640344)
(7,5,3,3.2926773661426867)
(2,2,3,3.301774865051896)
(3,3,3,3.2936162832601)
(7,4,3,3.292296815697429)
(5,3,3,3.29376130208242)
(2,6,3,3.292741924699449)
(7,4,3,3.2993866906189786)
(7,3,3,3.300753826596668)
(7,2,3,3.3001680960688637)
(3,2,3,3.305170939465054)
(3,3,3,3.2990831661020343)
(5,3,3,3.295876408310375)
(3,4,3,3.2966814428133997)
(5,4,3,3.297460339912546)
(7,2,3,3.2964447160473274)
(3,2,3,3.29946426692477)
(7,2,3,3.2911190710361407)
(3,1,3,3.290705671992951)
(5,6,3,3.281985236050488)
(7,2,3,3.289203542428544)
(7,1,3,3.2867596136232957)
(3,4,3,3.2816780434770387)
(7,4,3,3.2839753132441176)
(7,6,3,3.285324242360214)
(5,2,3,3.2913427265463797)
(2,3,3,3.288019279359476)
(7,1,3,3.2872113298453582)
(2,2,3,3.2813744006694843)
(3,1,3,3.275266282917101)
(3,3,3,3.2652310000068874)
(7,4,3,3.2748354737353846)
(2,3,3,3.26292773937887)
(3,4,3,3.2642803231566155)
(5,4,3,3.2723062859791994)
(2,1,3,3.2676131871779)
(7,4,3,3.2737887389720752)
(5,2,3,3.2676753048216227)
(7,1,3,3.2726682830373153)
(7,7,3,3.2685239228707905)
(7,4,3,3.2753161290114914)
(7,1,3,3.2766328355359065)
(2,1,3,3.2519173608812335)
(2,4,3,3.23952397160251)
(5,5,3,3.2591242124553)
(5,3,3,3.2634848197888098)
(5,2,3,3.262826482705758)
(5,3,3,3.259679077666497)
(3,4,3,3.2487196299774936)
(5,2,3,3.261342907295872)
(5,3,3,3.2582267023466285)
(7,4,3,3.2679811770354497)
(5,5,3,3.258956808727853)
(7,1,3,3.272523837623936)
(2,2,3,3.244764486113054)
(7,3,3,3.2660348912341157)
(7,5,3,3.2655658754729964)
(3,4,3,3.2465422104799337)
(5,2,3,3.2598473626080264)
(7,2,3,3.2677552707730464)
(2,5,3,3.2378881167362707)
(7,3,3,3.268965706473268)
(3,4,3,3.2510099549388958)
(5,3,3,3.2619760871349026)
(3,4,3,3.2532604999122476)
(5,4,3,3.26355266370595)
(5,2,3,3.2652996608320293)
(5,6,3,3.262305225937275)
(7,3,3,3.274810729479579)
(5,2,3,3.2682766563484256)
(5,6,3,3.265293372862965)
(3,3,3,3.266474690231648)
(3,2,3,3.26542126402803)
(3,5,3,3.2604385058196423)
(7,6,3,3.2773143621347884)
(7,2,3,3.2819436775721105)
(7,2,3,3.2797677199881963)
(5,6,3,3.272583295102412)
(2,4,3,3.2736144947861856)
(5,3,3,3.2811422244161235)
(3,3,3,3.277768437248318)
(7,3,3,3.282728409439517)
(5,3,3,3.2792213088347197)
(7,4,3,3.281770100323099)
(5,3,3,3.279827838747493)
(5,3,3,3.2791933285592183)
(5,3,3,3.278561689367215)
(7,4,3,3.2815300022633167)
(5,7,3,3.279164793772163)
(7,2,3,3.2890891079957485)
(7,5,3,3.2869546866775363)
(2,4,3,3.2859532355298464)
(7,5,3,3.2910534002842162)
(7,2,3,3.293868275700985)
(5,1,3,3.291128826422938)
(5,4,3,3.2860346380265186)
(5,5,3,3.2876185756662593)
(3,4,3,3.290864528033697)
(7,6,3,3.293175734819028)
(7,2,3,3.2975884982671255)
(7,3,3,3.295476565213924)
(7,2,3,3.294996434016393)
(3,2,3,3.2932244325311135)
(7,7,3,3.2906896157222643)
(2,1,3,3.2942429970518297)
(7,4,3,3.2927491729932616)
(7,4,3,3.29388869802865)
(3,3,3,3.2874886695771206)
(7,6,3,3.294540398699722)
(5,4,3,3.294928826304902)
(5,2,3,3.29644891101774)
(2,3,3,3.2872798512874932)
(3,1,3,3.288217279459461)
(7,3,3,3.293632150459816)
(2,4,3,3.2759846485505557)
(2,4,3,3.279395906435608)
(3,2,3,3.2853333957275552)
(5,4,3,3.28709530134949)
(5,4,3,3.288596106417902)
(5,3,3,3.2900906057794246)
(7,3,3,3.2952828413969755)
(5,1,3,3.2890109670492595)
(3,4,3,3.2772849476513026)
(5,7,3,3.2860901342518987)
(5,7,3,3.293809318936392)
(7,2,3,3.304092686393274)
(7,3,3,3.302060095683695)
(2,5,3,3.2950128565885723)
(5,2,3,3.3037218470311416)
(16,2,3,3.307836710607401)
(5,3,3,3.3018443392136554)
(7,3,3,3.299905590578406)
(7,3,3,3.299442485140062)
(2,5,3,3.302247266461595)
(16,3,3,3.286820613911574)
(5,2,3,3.305149231678487)
(5,2,3,3.3024927524020424)
(7,2,3,3.2972095068417793)
(5,3,3,3.297835582188528)
(5,3,3,3.297232544596848)
(3,2,3,3.298959018371135)
(7,2,3,3.292280865133111)
(3,2,3,3.2925078487989614)
(7,5,3,3.288311982674386)
(7,2,3,3.290906437595596)
(3,6,3,3.2887618976100232)
(7,1,3,3.2931296074642566)
(7,4,3,3.289669794019751)
(3,1,3,3.295511832866905)
(2,5,3,3.2879074157521075)
(5,4,3,3.292075256904968)
(5,6,3,3.293472248208315)
(7,4,3,3.2949956666141205)
(5,3,3,3.2998638088135155)
(7,3,3,3.2955991974023457)
(5,3,3,3.298831693593232)
(16,5,3,3.2788012720459636)
(3,3,3,3.2973586734724405)
